name: null
channels:
  - defaults
dependencies:
  - _tflow_select=2.1.0=gpu
  - absl-py=0.4.1=py35_0
  - astor=0.7.1=py35_0
  - backports=1.0=py35_1
  - backports_abc=0.5=py35_0
  - blas=1.0=mkl
  - bleach=1.5.0=py35_0
  - bzip2=1.0.6=h14c3975_5
  - ca-certificates=2019.1.23=0
  - cairo=1.14.12=h7636065_2
  - certifi=2018.8.24=py35_1
  - cudatoolkit=9.0=h13b8566_0
  - cudnn=7.3.1=cuda9.0_0
  - cupti=9.0.176=0
  - cycler=0.10.0=py35hc4d5149_0
  - cython=0.28.5=py35hf484d3e_0
  - dbus=1.13.6=h746ee38_0
  - decorator=4.4.0=py_0
  - expat=2.2.6=he6710b0_0
  - ffmpeg=4.0=h04d0a96_0
  - flask=0.10.1=py35_2
  - fontconfig=2.12.6=h49f89f6_0
  - freetype=2.8=hab7d2ae_1
  - futures=3.0.3=py35_0
  - geos=3.4.2=0
  - glib=2.56.2=hd408876_0
  - graphite2=1.3.13=h23475e2_0
  - gst-plugins-base=1.14.0=hbbd80ab_1
  - gstreamer=1.14.0=hb453b48_1
  - harfbuzz=1.7.6=h5f0a787_1
  - hdf5=1.10.2=hba1933b_1
  - html5lib=0.9999999=py35_0
  - icu=58.2=h9c2bf20_1
  - intel-openmp=2019.3=199
  - ipykernel=4.10.0=py35_0
  - ipython=6.1.0=py35h1b71439_1
  - ipython_genutils=0.2.0=py35hc9e07d0_0
  - itsdangerous=0.24=py35_1
  - jasper=1.900.1=hd497a04_4
  - jedi=0.12.1=py35_0
  - jinja2=2.10=py35_0
  - jpeg=9b=h024ee3a_2
  - jupyter_client=5.2.3=py35_0
  - jupyter_core=4.4.0=py35_0
  - kiwisolver=1.0.1=py35hf484d3e_0
  - libedit=3.1.20181209=hc058e9b_0
  - libffi=3.2.1=hd88cf55_4
  - libgcc-ng=8.2.0=hdf63c60_1
  - libgfortran=3.0.0=1
  - libgfortran-ng=7.3.0=hdf63c60_0
  - libiconv=1.14=0
  - libopenblas=0.3.2=h5a2b251_1
  - libopencv=3.4.1=h1a3b859_1
  - libopus=1.3=h7b6447c_0
  - libpng=1.6.36=hbc83047_0
  - libprotobuf=3.5.2=h6f1eeef_0
  - libsodium=1.0.16=h1bed415_0
  - libstdcxx-ng=8.2.0=hdf63c60_1
  - libtiff=4.0.10=h2733197_2
  - libuuid=1.0.3=h1bed415_2
  - libvpx=1.7.0=h439df22_0
  - libxcb=1.13=h1bed415_1
  - libxml2=2.9.9=he19cac6_0
  - line_profiler=2.1.2=py35h14c3975_0
  - markdown=2.6.11=py35_0
  - markupsafe=1.0=py35h14c3975_1
  - matplotlib=2.2.2=py35h0e671d2_1
  - mkl=2018.0.3=1
  - mkl_fft=1.0.6=py35h7dd41cf_0
  - mkl_random=1.0.1=py35h629b387_0
  - ncurses=6.1=he6710b0_1
  - numpy=1.15.2=py35h1d66e8a_0
  - numpy-base=1.15.2=py35h81de0dd_0
  - olefile=0.46=py35_0
  - openblas=0.2.19=0
  - opencv=3.4.1=py35h6fd60c2_2
  - openssl=1.0.2r=h7b6447c_0
  - pandas=0.23.4=py35h04863e7_0
  - parso=0.3.1=py35_0
  - pcre=8.43=he6710b0_0
  - pexpect=4.6.0=py35_0
  - pickleshare=0.7.4=py35hd57304d_0
  - pillow=4.2.1=py35h03abc04_0
  - pixman=0.34.0=hceecf20_3
  - prompt_toolkit=1.0.15=py35hc09de7a_0
  - ptyprocess=0.6.0=py35_0
  - py-opencv=3.4.1=py35h0676e08_1
  - pycairo=1.17.1=py35h2a1e443_0
  - pygments=2.2.0=py35h0f41973_0
  - pyparsing=2.2.1=py35_0
  - pyqt=5.9.2=py35h751905a_0
  - python=3.5.6=hc3d631a_0
  - python-dateutil=2.7.3=py35_0
  - pytz=2018.5=py35_0
  - pyzmq=17.1.2=py35h14c3975_0
  - qt=5.9.5=h7e424d6_0
  - readline=7.0=h7b6447c_5
  - scipy=1.1.0=py35hfa4b5c9_1
  - setuptools=40.2.0=py35_0
  - shapely=1.5.13=py35_0
  - simplegeneric=0.8.1=py35_2
  - singledispatch=3.4.0.3=py35h0cd4ec3_0
  - sip=4.19.8=py35hf484d3e_0
  - six=1.11.0=py35_1
  - sqlite=3.27.2=h7b6447c_0
  - tensorboard=1.9.0=py35hf484d3e_0
  - tensorflow=1.9.0=gpu_py35h42d5ad8_1
  - tensorflow-base=1.9.0=gpu_py35h6ecc378_0
  - tensorflow-gpu=1.9.0=hf154084_0
  - tensorflow-tensorboard=1.5.1=py35hf484d3e_1
  - tk=8.6.8=hbc83047_0
  - tornado=5.1.1=py35h7b6447c_0
  - traitlets=4.3.2=py35ha522a97_0
  - wcwidth=0.1.7=py35hcd08066_0
  - werkzeug=0.14.1=py35_0
  - wheel=0.31.1=py35_0
  - xz=5.2.4=h14c3975_4
  - zeromq=4.2.5=hf484d3e_1
  - zlib=1.2.11=h7b6447c_3
  - zstd=1.3.7=h0b5b093_0
  - pip:
    - chainer==5.3.0
    - chainercv==0.12.0
    - filelock==3.0.10
    - gast==0.2.2
    - grpcio==1.19.0
    - h5py==2.9.0
    - keras-applications==1.0.7
    - keras-preprocessing==1.0.9
    - mock==2.0.0
    - pbr==5.1.3
    - pip==19.0.3
    - protobuf==3.7.0
    - termcolor==1.1.0
prefix: /u/stsutsui/gpu/book-layout/EAST/conda

